0 79
1e-06 80
2e-06 80
3e-06 80
4e-06 80
5e-06 83
6e-06 84
7e-06 82
8e-06 83
9e-06 81
1e-05 82
1.1e-05 80
1.2e-05 81
1.3e-05 81
1.4e-05 80
1.5e-05 80
1.6e-05 81
1.7e-05 80
1.8e-05 79
1.9e-05 80
2e-05 82
2.1e-05 81
2.2e-05 80
2.3e-05 79
2.4e-05 80
2.5e-05 81
2.6e-05 82
2.7e-05 81
2.8e-05 80
2.9e-05 81
3e-05 81
3.1e-05 80
3.2e-05 81
3.3e-05 81
3.4e-05 82
3.5e-05 83
3.6e-05 82
3.7e-05 82
3.8e-05 83
3.9e-05 83
4e-05 82
4.1e-05 82
4.2e-05 84
4.3e-05 84
4.4e-05 83
4.5e-05 82
4.6e-05 83
4.7e-05 85
4.8e-05 83
4.9e-05 84
5e-05 82
5.1e-05 85
5.2e-05 86
5.3e-05 87
5.4e-05 86
5.5e-05 86
5.6e-05 85
5.7e-05 86
5.8e-05 86
5.9e-05 89
6e-05 89
6.1e-05 87
6.2e-05 84
6.3e-05 82
6.4e-05 85
6.5e-05 84
6.6e-05 86
6.7e-05 85
6.8e-05 84
6.9e-05 85
7e-05 83
7.1e-05 84
7.2e-05 86
7.3e-05 85
7.4e-05 86
7.5e-05 87
7.6e-05 89
7.7e-05 86
7.8e-05 89
7.9e-05 89
8e-05 88
8.1e-05 88
8.2e-05 88
8.3e-05 87
8.4e-05 88
8.5e-05 88
8.6e-05 85
8.7e-05 86
8.8e-05 85
8.9e-05 83
9e-05 84
9.1e-05 85
9.2e-05 84
9.3e-05 84
9.4e-05 86
9.5e-05 84
9.6e-05 86
9.7e-05 86
9.8e-05 86
9.9e-05 89
0.0001 88
0.000101 90
0.000102 88
0.000103 89
0.000104 89
0.000105 90
0.000106 88
0.000107 88
0.000108 89
0.000109 88
0.00011 88
0.000111 90
0.000112 88
0.000113 89
0.000114 88
0.000115 88
0.000116 89
0.000117 89
0.000118 89
0.000119 89
0.00012 90
0.000121 91
0.000122 90
0.000123 90
0.000124 91
0.000125 92
0.000126 91
0.000127 91
0.000128 91
0.000129 90
0.00013 90
0.000131 91
0.000132 91
0.000133 91
0.000134 91
0.000135 92
0.000136 92
0.000137 92
0.000138 92
0.000139 93
0.00014 93
0.000141 93
0.000142 93
0.000143 93
0.000144 94
0.000145 93
0.000146 93
0.000147 94
0.000148 94
0.000149 95
0.00015 95
0.000151 94
0.000152 94
0.000153 94
0.000154 94
0.000155 94
0.000156 94
0.000157 94
0.000158 93
0.000159 93
0.00016 93
0.000161 94
0.000162 93
0.000163 92
0.000164 93
0.000165 92
0.000166 92
0.000167 92
0.000168 92
0.000169 91
0.00017 91
0.000171 93
0.000172 92
0.000173 92
0.000174 92
0.000175 92
0.000176 92
0.000177 92
0.000178 91
0.000179 92
0.00018 92
0.000181 92
0.000182 91
0.000183 92
0.000184 93
0.000185 94
0.000186 92
0.000187 91
0.000188 91
0.000189 92
0.00019 91
0.000191 92
0.000192 93
0.000193 92
0.000194 92
0.000195 92
0.000196 91
0.000197 90
0.000198 90
0.000199 90
0.0002 91
0.000201 90
0.000202 91
0.000203 90
0.000204 91
0.000205 92
0.000206 88
0.000207 90
0.000208 89
0.000209 90
0.00021 89
0.000211 88
0.000212 88
0.000213 86
0.000214 87
0.000215 88
0.000216 86
0.000217 87
0.000218 87
0.000219 88
0.00022 87
0.000221 87
0.000222 87
0.000223 88
0.000224 90
0.000225 89
0.000226 88
0.000227 89
0.000228 88
0.000229 86
0.00023 87
0.000231 88
0.000232 87
0.000233 87
0.000234 87
0.000235 88
0.000236 88
0.000237 89
0.000238 88
0.000239 88
0.00024 89
0.000241 88
0.000242 88
0.000243 89
0.000244 90
0.000245 90
0.000246 87
0.000247 85
0.000248 84
0.000249 85
0.00025 83
0.000251 85
0.000252 86
0.000253 87
0.000254 85
0.000255 86
0.000256 85
0.000257 87
0.000258 87
0.000259 87
0.00026 87
0.000261 87
0.000262 88
0.000263 85
0.000264 89
0.000265 90
0.000266 87
0.000267 89
0.000268 90
0.000269 89
0.00027 87
0.000271 87
0.000272 87
0.000273 88
0.000274 87
0.000275 88
0.000276 88
0.000277 86
0.000278 86
0.000279 87
0.00028 86
0.000281 87
0.000282 85
0.000283 86
0.000284 87
0.000285 88
0.000286 86
0.000287 86
0.000288 87
0.000289 86
0.00029 86
0.000291 84
0.000292 84
0.000293 85
0.000294 84
0.000295 86
0.000296 87
0.000297 86
0.000298 87
0.000299 86
0.0003 87
0.000301 87
0.000302 88
0.000303 88
0.000304 89
0.000305 88
0.000306 86
0.000307 87
0.000308 88
0.000309 87
0.00031 86
0.000311 89
0.000312 87
0.000313 87
0.000314 86
0.000315 86
0.000316 85
0.000317 86
0.000318 86
0.000319 86
0.00032 86
0.000321 87
0.000322 87
0.000323 87
0.000324 86
0.000325 86
0.000326 87
0.000327 88
0.000328 86
0.000329 86
0.00033 86
0.000331 90
0.000332 87
0.000333 88
0.000334 87
0.000335 87
0.000336 86
0.000337 87
0.000338 87
0.000339 88
0.00034 88
0.000341 87
0.000342 88
0.000343 89
0.000344 89
0.000345 87
0.000346 89
0.000347 88
0.000348 89
0.000349 89
0.00035 87
0.000351 88
0.000352 88
0.000353 88
0.000354 87
0.000355 88
0.000356 88
0.000357 88
0.000358 88
0.000359 87
0.00036 87
0.000361 88
0.000362 89
0.000363 88
0.000364 88
0.000365 87
0.000366 87
0.000367 86
0.000368 87
0.000369 87
0.00037 87
0.000371 87
0.000372 87
0.000373 88
0.000374 88
0.000375 89
0.000376 87
0.000377 88
0.000378 89
0.000379 88
0.00038 88
0.000381 89
0.000382 88
0.000383 88
0.000384 88
0.000385 87
0.000386 88
0.000387 88
0.000388 89
0.000389 89
0.00039 89
0.000391 89
0.000392 90
0.000393 91
0.000394 90
0.000395 88
0.000396 88
0.000397 90
0.000398 89
0.000399 89
0.0004 90
0.000401 89
0.000402 88
0.000403 91
0.000404 89
0.000405 89
0.000406 90
0.000407 89
0.000408 89
0.000409 92
0.00041 89
0.000411 91
0.000412 91
0.000413 92
0.000414 92
0.000415 90
0.000416 88
0.000417 87
0.000418 88
0.000419 86
0.00042 88
0.000421 88
0.000422 88
0.000423 88
0.000424 88
0.000425 86
0.000426 85
0.000427 85
0.000428 88
0.000429 86
0.00043 85
0.000431 86
0.000432 84
0.000433 85
0.000434 85
0.000435 83
0.000436 83
0.000437 83
0.000438 83
0.000439 83
0.00044 82
0.000441 83
0.000442 83
0.000443 83
0.000444 84
0.000445 85
0.000446 86
0.000447 85
0.000448 85
0.000449 85
0.00045 84
0.000451 84
0.000452 85
0.000453 85
0.000454 85
0.000455 86
0.000456 86
0.000457 89
0.000458 86
0.000459 90
0.00046 89
0.000461 89
0.000462 89
0.000463 89
0.000464 88
0.000465 87
0.000466 88
0.000467 90
0.000468 90
0.000469 88
0.00047 86
0.000471 87
0.000472 83
0.000473 86
0.000474 89
0.000475 86
0.000476 87
0.000477 88
0.000478 87
0.000479 87
0.00048 87
0.000481 88
0.000482 89
0.000483 88
0.000484 88
0.000485 89
0.000486 88
0.000487 87
0.000488 87
0.000489 87
0.00049 88
0.000491 88
0.000492 87
0.000493 89
0.000494 85
0.000495 83
0.000496 85
0.000497 84
0.000498 85
0.000499 84
0.0005 84
0.000501 83
0.000502 85
0.000503 85
0.000504 85
0.000505 87
0.000506 84
0.000507 85
0.000508 85
0.000509 86
0.00051 86
0.000511 87
0.000512 87
0.000513 86
0.000514 86
0.000515 86
0.000516 86
0.000517 86
0.000518 87
0.000519 88
0.00052 88
0.000521 88
0.000522 88
0.000523 88
0.000524 88
0.000525 89
0.000526 89
0.000527 89
0.000528 90
0.000529 91
0.00053 91
0.000531 90
0.000532 90
0.000533 89
0.000534 88
0.000535 88
0.000536 90
0.000537 90
0.000538 89
0.000539 88
0.00054 89
0.000541 88
0.000542 86
0.000543 88
0.000544 86
0.000545 87
0.000546 87
0.000547 86
0.000548 84
0.000549 85
0.00055 87
0.000551 85
0.000552 84
0.000553 84
0.000554 85
0.000555 84
0.000556 84
0.000557 84
0.000558 86
0.000559 86
0.00056 86
0.000561 85
0.000562 85
0.000563 84
0.000564 85
0.000565 85
0.000566 85
0.000567 86
0.000568 87
0.000569 85
0.00057 85
0.000571 84
0.000572 86
0.000573 85
0.000574 87
0.000575 84
0.000576 85
0.000577 85
0.000578 85
0.000579 84
0.00058 83
0.000581 83
0.000582 84
0.000583 83
0.000584 81
0.000585 83
0.000586 83
0.000587 83
0.000588 86
0.000589 84
0.00059 86
0.000591 87
0.000592 86
0.000593 86
0.000594 89
0.000595 89
0.000596 87
0.000597 87
0.000598 89
0.000599 88
0.0006 86
0.000601 87
0.000602 87
0.000603 87
0.000604 88
0.000605 87
0.000606 87
0.000607 86
0.000608 87
0.000609 86
0.00061 86
0.000611 87
0.000612 85
0.000613 86
0.000614 85
0.000615 87
0.000616 86
0.000617 86
0.000618 85
0.000619 86
0.00062 87
0.000621 88
0.000622 86
0.000623 86
0.000624 86
0.000625 85
0.000626 85
0.000627 86
0.000628 84
0.000629 86
0.00063 84
0.000631 84
0.000632 86
0.000633 87
0.000634 87
0.000635 89
0.000636 87
0.000637 87
0.000638 88
0.000639 88
0.00064 89
0.000641 90
0.000642 88
0.000643 90
0.000644 89
0.000645 89
0.000646 86
0.000647 88
0.000648 86
0.000649 86
0.00065 87
0.000651 87
0.000652 87
0.000653 87
0.000654 86
0.000655 87
0.000656 85
0.000657 87
0.000658 88
0.000659 87
0.00066 86
0.000661 86
0.000662 86
0.000663 85
0.000664 83
0.000665 88
0.000666 88
0.000667 89
0.000668 90
0.000669 88
0.00067 89
0.000671 90
0.000672 90
0.000673 90
0.000674 88
0.000675 90
0.000676 89
0.000677 91
0.000678 88
0.000679 89
0.00068 89
0.000681 88
0.000682 88
0.000683 86
0.000684 86
0.000685 89
0.000686 87
0.000687 87
0.000688 86
0.000689 87
0.00069 87
0.000691 87
0.000692 84
0.000693 86
0.000694 86
0.000695 86
0.000696 85
0.000697 85
0.000698 85
0.000699 86
0.0007 86
0.000701 85
0.000702 86
0.000703 85
0.000704 85
0.000705 85
0.000706 86
0.000707 84
0.000708 85
0.000709 84
0.00071 84
0.000711 84
0.000712 84
0.000713 85
0.000714 83
0.000715 85
0.000716 83
0.000717 82
0.000718 82
0.000719 82
0.00072 83
0.000721 83
0.000722 83
0.000723 84
0.000724 83
0.000725 82
0.000726 83
0.000727 85
0.000728 84
0.000729 85
0.00073 84
0.000731 85
0.000732 86
0.000733 86
0.000734 86
0.000735 85
0.000736 84
0.000737 84
0.000738 85
0.000739 85
0.00074 84
0.000741 84
0.000742 85
0.000743 84
0.000744 84
0.000745 86
0.000746 87
0.000747 86
0.000748 87
0.000749 86
0.00075 86
0.000751 86
0.000752 86
0.000753 86
0.000754 86
0.000755 83
0.000756 84
0.000757 84
0.000758 85
0.000759 84
0.00076 86
0.000761 85
0.000762 86
0.000763 85
0.000764 86
0.000765 87
0.000766 88
0.000767 86
0.000768 88
0.000769 88
0.00077 88
0.000771 87
0.000772 87
0.000773 87
0.000774 89
0.000775 88
0.000776 89
0.000777 86
0.000778 88
0.000779 90
0.00078 90
0.000781 88
0.000782 90
0.000783 88
0.000784 88
0.000785 88
0.000786 88
0.000787 86
0.000788 87
0.000789 87
0.00079 87
0.000791 88
0.000792 86
0.000793 87
0.000794 88
0.000795 86
0.000796 86
0.000797 85
0.000798 87
0.000799 87
0.0008 86
0.000801 87
0.000802 87
0.000803 86
0.000804 88
0.000805 88
0.000806 87
0.000807 87
0.000808 86
0.000809 87
0.00081 88
0.000811 87
0.000812 88
0.000813 87
0.000814 88
0.000815 88
0.000816 87
0.000817 87
0.000818 86
0.000819 88
0.00082 88
0.000821 87
0.000822 88
0.000823 88
0.000824 89
0.000825 89
0.000826 89
0.000827 87
0.000828 87
0.000829 88
0.00083 87
0.000831 86
0.000832 87
0.000833 85
0.000834 87
0.000835 87
0.000836 86
0.000837 86
0.000838 86
0.000839 87
0.00084 85
0.000841 85
0.000842 86
0.000843 85
0.000844 85
0.000845 82
0.000846 83
0.000847 84
0.000848 84
0.000849 84
0.00085 84
0.000851 82
0.000852 83
0.000853 83
0.000854 84
0.000855 84
0.000856 83
0.000857 82
0.000858 83
0.000859 82
0.00086 85
0.000861 86
0.000862 87
0.000863 85
0.000864 83
0.000865 85
0.000866 85
0.000867 85
0.000868 88
0.000869 87
0.00087 87
0.000871 87
0.000872 89
0.000873 89
0.000874 87
0.000875 88
0.000876 87
0.000877 88
0.000878 87
0.000879 87
0.00088 88
0.000881 86
0.000882 87
0.000883 87
0.000884 86
0.000885 86
0.000886 87
0.000887 86
0.000888 86
0.000889 88
0.00089 88
0.000891 88
0.000892 89
0.000893 89
0.000894 89
0.000895 89
0.000896 89
0.000897 88
0.000898 88
0.000899 88
0.0009 89
0.000901 90
0.000902 89
0.000903 92
0.000904 90
0.000905 90
0.000906 88
0.000907 88
0.000908 89
0.000909 89
0.00091 89
0.000911 88
0.000912 87
0.000913 87
0.000914 86
0.000915 87
0.000916 88
0.000917 89
0.000918 88
0.000919 88
0.00092 88
0.000921 88
0.000922 86
0.000923 86
0.000924 86
0.000925 86
0.000926 87
0.000927 86
0.000928 87
0.000929 85
0.00093 87
0.000931 85
0.000932 85
0.000933 86
0.000934 85
0.000935 86
0.000936 87
0.000937 88
0.000938 87
0.000939 88
0.00094 88
0.000941 89
0.000942 88
0.000943 88
0.000944 88
0.000945 88
0.000946 87
0.000947 87
0.000948 89
0.000949 88
0.00095 87
0.000951 86
0.000952 86
0.000953 85
0.000954 87
0.000955 87
0.000956 87
0.000957 87
0.000958 87
0.000959 88
0.00096 86
0.000961 87
0.000962 87
0.000963 86
0.000964 87
0.000965 86
0.000966 86
0.000967 86
0.000968 86
0.000969 85
0.00097 87
0.000971 87
0.000972 87
0.000973 88
0.000974 88
0.000975 87
0.000976 88
0.000977 88
0.000978 88
0.000979 88
0.00098 88
0.000981 88
0.000982 89
0.000983 88
0.000984 88
0.000985 88
0.000986 87
0.000987 87
0.000988 88
0.000989 90
0.00099 90
0.000991 87
0.000992 88
0.000993 86
0.000994 87
0.000995 87
0.000996 89
0.000997 87
0.000998 87
0.000999 86
0.001 86
