0 100
1e-06 100
2e-06 100
3e-06 100
4e-06 100
5e-06 100
6e-06 100
7e-06 100
8e-06 100
9e-06 100
1e-05 100
1.1e-05 100
1.2e-05 100
1.3e-05 100
1.4e-05 100
1.5e-05 100
1.6e-05 100
1.7e-05 100
1.8e-05 100
1.9e-05 100
2e-05 100
2.1e-05 100
2.2e-05 100
2.3e-05 100
2.4e-05 100
2.5e-05 100
2.6e-05 100
2.7e-05 100
2.8e-05 100
2.9e-05 100
3e-05 100
3.1e-05 100
3.2e-05 100
3.3e-05 100
3.4e-05 100
3.5e-05 100
3.6e-05 100
3.7e-05 100
3.8e-05 100
3.9e-05 100
4e-05 100
4.1e-05 100
4.2e-05 100
4.3e-05 100
4.4e-05 100
4.5e-05 100
4.6e-05 100
4.7e-05 100
4.8e-05 100
4.9e-05 100
5e-05 100
5.1e-05 100
5.2e-05 100
5.3e-05 100
5.4e-05 100
5.5e-05 100
5.6e-05 100
5.7e-05 100
5.8e-05 100
5.9e-05 100
6e-05 100
6.1e-05 100
6.2e-05 100
6.3e-05 100
6.4e-05 100
6.5e-05 100
6.6e-05 100
6.7e-05 100
6.8e-05 100
6.9e-05 100
7e-05 100
7.1e-05 100
7.2e-05 100
7.3e-05 100
7.4e-05 100
7.5e-05 100
7.6e-05 100
7.7e-05 100
7.8e-05 100
7.9e-05 100
8e-05 100
8.1e-05 100
8.2e-05 100
8.3e-05 100
8.4e-05 100
8.5e-05 100
8.6e-05 100
8.7e-05 100
8.8e-05 100
8.9e-05 100
9e-05 100
9.1e-05 100
9.2e-05 100
9.3e-05 100
9.4e-05 100
9.5e-05 100
9.6e-05 100
9.7e-05 100
9.8e-05 100
9.9e-05 100
0.0001 100
0.000101 100
0.000102 100
0.000103 100
0.000104 100
0.000105 100
0.000106 100
0.000107 100
0.000108 100
0.000109 100
0.00011 100
0.000111 100
0.000112 100
0.000113 100
0.000114 100
0.000115 100
0.000116 100
0.000117 100
0.000118 100
0.000119 100
0.00012 100
0.000121 100
0.000122 100
0.000123 100
0.000124 100
0.000125 100
0.000126 100
0.000127 100
0.000128 100
0.000129 100
0.00013 100
0.000131 100
0.000132 100
0.000133 100
0.000134 100
0.000135 100
0.000136 100
0.000137 100
0.000138 100
0.000139 100
0.00014 100
0.000141 100
0.000142 100
0.000143 100
0.000144 100
0.000145 100
0.000146 100
0.000147 100
0.000148 100
0.000149 100
0.00015 100
0.000151 100
0.000152 100
0.000153 100
0.000154 100
0.000155 100
0.000156 100
0.000157 100
0.000158 100
0.000159 100
0.00016 100
0.000161 100
0.000162 100
0.000163 100
0.000164 100
0.000165 100
0.000166 100
0.000167 100
0.000168 100
0.000169 100
0.00017 100
0.000171 100
0.000172 100
0.000173 100
0.000174 100
0.000175 100
0.000176 100
0.000177 100
0.000178 100
0.000179 100
0.00018 100
0.000181 100
0.000182 100
0.000183 100
0.000184 100
0.000185 100
0.000186 100
0.000187 100
0.000188 100
0.000189 100
0.00019 100
0.000191 100
0.000192 100
0.000193 100
0.000194 100
0.000195 100
0.000196 100
0.000197 100
0.000198 100
0.000199 100
0.0002 100
0.000201 100
0.000202 100
0.000203 100
0.000204 100
0.000205 100
0.000206 100
0.000207 100
0.000208 100
0.000209 100
0.00021 100
0.000211 100
0.000212 100
0.000213 100
0.000214 100
0.000215 100
0.000216 100
0.000217 100
0.000218 100
0.000219 100
0.00022 100
0.000221 100
0.000222 100
0.000223 100
0.000224 100
0.000225 100
0.000226 100
0.000227 100
0.000228 100
0.000229 100
0.00023 100
0.000231 100
0.000232 100
0.000233 100
0.000234 100
0.000235 100
0.000236 100
0.000237 100
0.000238 100
0.000239 100
0.00024 100
0.000241 100
0.000242 100
0.000243 100
0.000244 100
0.000245 100
0.000246 100
0.000247 100
0.000248 100
0.000249 100
0.00025 100
0.000251 100
0.000252 100
0.000253 100
0.000254 100
0.000255 100
0.000256 100
0.000257 100
0.000258 100
0.000259 100
0.00026 100
0.000261 100
0.000262 100
0.000263 100
0.000264 100
0.000265 100
0.000266 100
0.000267 100
0.000268 100
0.000269 100
0.00027 100
0.000271 100
0.000272 100
0.000273 100
0.000274 100
0.000275 100
0.000276 100
0.000277 100
0.000278 100
0.000279 100
0.00028 100
0.000281 100
0.000282 100
0.000283 100
0.000284 100
0.000285 100
0.000286 100
0.000287 100
0.000288 100
0.000289 100
0.00029 100
0.000291 100
0.000292 100
0.000293 100
0.000294 100
0.000295 100
0.000296 100
0.000297 100
0.000298 100
0.000299 100
0.0003 100
0.000301 100
0.000302 100
0.000303 100
0.000304 100
0.000305 100
0.000306 100
0.000307 100
0.000308 100
0.000309 100
0.00031 100
0.000311 100
0.000312 100
0.000313 100
0.000314 100
0.000315 100
0.000316 100
0.000317 100
0.000318 100
0.000319 100
0.00032 100
0.000321 100
0.000322 100
0.000323 100
0.000324 100
0.000325 100
0.000326 100
0.000327 100
0.000328 100
0.000329 100
0.00033 100
0.000331 100
0.000332 100
0.000333 100
0.000334 100
0.000335 100
0.000336 100
0.000337 100
0.000338 100
0.000339 100
0.00034 100
0.000341 100
0.000342 100
0.000343 100
0.000344 100
0.000345 100
0.000346 100
0.000347 100
0.000348 100
0.000349 100
0.00035 100
0.000351 100
0.000352 100
0.000353 100
0.000354 100
0.000355 100
0.000356 100
0.000357 100
0.000358 100
0.000359 100
0.00036 100
0.000361 100
0.000362 100
0.000363 100
0.000364 100
0.000365 100
0.000366 100
0.000367 100
0.000368 100
0.000369 100
0.00037 100
0.000371 100
0.000372 100
0.000373 100
0.000374 100
0.000375 100
0.000376 100
0.000377 100
0.000378 100
0.000379 100
0.00038 100
0.000381 100
0.000382 100
0.000383 100
0.000384 100
0.000385 100
0.000386 100
0.000387 100
0.000388 100
0.000389 100
0.00039 100
0.000391 100
0.000392 100
0.000393 100
0.000394 100
0.000395 100
0.000396 100
0.000397 100
0.000398 100
0.000399 100
0.0004 100
0.000401 100
0.000402 100
0.000403 100
0.000404 100
0.000405 100
0.000406 100
0.000407 100
0.000408 100
0.000409 100
0.00041 100
0.000411 100
0.000412 100
0.000413 100
0.000414 100
0.000415 100
0.000416 100
0.000417 100
0.000418 100
0.000419 100
0.00042 100
0.000421 100
0.000422 100
0.000423 100
0.000424 100
0.000425 100
0.000426 100
0.000427 100
0.000428 100
0.000429 100
0.00043 100
0.000431 100
0.000432 100
0.000433 100
0.000434 100
0.000435 100
0.000436 100
0.000437 100
0.000438 100
0.000439 100
0.00044 100
0.000441 100
0.000442 100
0.000443 100
0.000444 100
0.000445 100
0.000446 100
0.000447 100
0.000448 100
0.000449 100
0.00045 100
0.000451 100
0.000452 100
0.000453 100
0.000454 100
0.000455 100
0.000456 100
0.000457 100
0.000458 100
0.000459 100
0.00046 100
0.000461 100
0.000462 100
0.000463 100
0.000464 100
0.000465 100
0.000466 100
0.000467 100
0.000468 100
0.000469 100
0.00047 100
0.000471 100
0.000472 100
0.000473 100
0.000474 100
0.000475 100
0.000476 100
0.000477 100
0.000478 100
0.000479 100
0.00048 100
0.000481 100
0.000482 100
0.000483 100
0.000484 100
0.000485 100
0.000486 100
0.000487 100
0.000488 100
0.000489 100
0.00049 100
0.000491 100
0.000492 100
0.000493 100
0.000494 100
0.000495 100
0.000496 100
0.000497 100
0.000498 100
0.000499 100
0.0005 100
0.000501 100
0.000502 100
0.000503 100
0.000504 100
0.000505 100
0.000506 100
0.000507 100
0.000508 100
0.000509 100
0.00051 100
0.000511 100
0.000512 100
0.000513 100
0.000514 100
0.000515 100
0.000516 100
0.000517 100
0.000518 100
0.000519 100
0.00052 100
0.000521 100
0.000522 100
0.000523 100
0.000524 100
0.000525 100
0.000526 100
0.000527 100
0.000528 100
0.000529 100
0.00053 100
0.000531 100
0.000532 100
0.000533 100
0.000534 100
0.000535 100
0.000536 100
0.000537 100
0.000538 100
0.000539 100
0.00054 100
0.000541 100
0.000542 100
0.000543 100
0.000544 100
0.000545 100
0.000546 100
0.000547 100
0.000548 100
0.000549 100
0.00055 100
0.000551 100
0.000552 100
0.000553 100
0.000554 100
0.000555 100
0.000556 100
0.000557 100
0.000558 100
0.000559 100
0.00056 100
0.000561 100
0.000562 100
0.000563 100
0.000564 100
0.000565 100
0.000566 100
0.000567 100
0.000568 100
0.000569 100
0.00057 100
0.000571 100
0.000572 100
0.000573 100
0.000574 100
0.000575 100
0.000576 100
0.000577 100
0.000578 100
0.000579 100
0.00058 100
0.000581 100
0.000582 100
0.000583 100
0.000584 100
0.000585 100
0.000586 100
0.000587 100
0.000588 100
0.000589 100
0.00059 100
0.000591 100
0.000592 100
0.000593 100
0.000594 100
0.000595 100
0.000596 100
0.000597 100
0.000598 100
0.000599 100
0.0006 100
0.000601 100
0.000602 100
0.000603 100
0.000604 100
0.000605 100
0.000606 100
0.000607 100
0.000608 100
0.000609 100
0.00061 100
0.000611 100
0.000612 100
0.000613 100
0.000614 100
0.000615 100
0.000616 100
0.000617 100
0.000618 100
0.000619 100
0.00062 100
0.000621 100
0.000622 100
0.000623 100
0.000624 100
0.000625 100
0.000626 100
0.000627 100
0.000628 100
0.000629 100
0.00063 100
0.000631 100
0.000632 100
0.000633 100
0.000634 100
0.000635 100
0.000636 100
0.000637 100
0.000638 100
0.000639 100
0.00064 100
0.000641 100
0.000642 100
0.000643 100
0.000644 100
0.000645 100
0.000646 100
0.000647 100
0.000648 100
0.000649 100
0.00065 100
0.000651 100
0.000652 100
0.000653 100
0.000654 100
0.000655 100
0.000656 100
0.000657 100
0.000658 100
0.000659 100
0.00066 100
0.000661 100
0.000662 100
0.000663 100
0.000664 100
0.000665 100
0.000666 100
0.000667 100
0.000668 100
0.000669 100
0.00067 100
0.000671 100
0.000672 100
0.000673 100
0.000674 100
0.000675 100
0.000676 100
0.000677 100
0.000678 100
0.000679 100
0.00068 100
0.000681 100
0.000682 100
0.000683 100
0.000684 100
0.000685 100
0.000686 100
0.000687 100
0.000688 100
0.000689 100
0.00069 100
0.000691 100
0.000692 100
0.000693 100
0.000694 100
0.000695 100
0.000696 100
0.000697 100
0.000698 100
0.000699 100
0.0007 100
0.000701 100
0.000702 100
0.000703 100
0.000704 100
0.000705 100
0.000706 100
0.000707 100
0.000708 100
0.000709 100
0.00071 100
0.000711 100
0.000712 100
0.000713 100
0.000714 100
0.000715 100
0.000716 100
0.000717 100
0.000718 100
0.000719 100
0.00072 100
0.000721 100
0.000722 100
0.000723 100
0.000724 100
0.000725 100
0.000726 100
0.000727 100
0.000728 100
0.000729 100
0.00073 100
0.000731 100
0.000732 100
0.000733 100
0.000734 100
0.000735 100
0.000736 100
0.000737 100
0.000738 100
0.000739 100
0.00074 100
0.000741 100
0.000742 100
0.000743 100
0.000744 100
0.000745 100
0.000746 100
0.000747 100
0.000748 100
0.000749 100
0.00075 100
0.000751 100
0.000752 100
0.000753 100
0.000754 100
0.000755 100
0.000756 100
0.000757 100
0.000758 100
0.000759 100
0.00076 100
0.000761 100
0.000762 100
0.000763 100
0.000764 100
0.000765 100
0.000766 100
0.000767 100
0.000768 100
0.000769 100
0.00077 100
0.000771 100
0.000772 100
0.000773 100
0.000774 100
0.000775 100
0.000776 100
0.000777 100
0.000778 100
0.000779 100
0.00078 100
0.000781 100
0.000782 100
0.000783 100
0.000784 100
0.000785 100
0.000786 100
0.000787 100
0.000788 100
0.000789 100
0.00079 100
0.000791 100
0.000792 100
0.000793 100
0.000794 100
0.000795 100
0.000796 100
0.000797 100
0.000798 100
0.000799 100
0.0008 100
0.000801 100
0.000802 100
0.000803 100
0.000804 100
0.000805 100
0.000806 100
0.000807 100
0.000808 100
0.000809 100
0.00081 100
0.000811 100
0.000812 100
0.000813 100
0.000814 100
0.000815 100
0.000816 100
0.000817 100
0.000818 100
0.000819 100
0.00082 100
0.000821 100
0.000822 100
0.000823 100
0.000824 100
0.000825 100
0.000826 100
0.000827 100
0.000828 100
0.000829 100
0.00083 100
0.000831 100
0.000832 100
0.000833 100
0.000834 100
0.000835 100
0.000836 100
0.000837 100
0.000838 100
0.000839 100
0.00084 100
0.000841 100
0.000842 100
0.000843 100
0.000844 100
0.000845 100
0.000846 100
0.000847 100
0.000848 100
0.000849 100
0.00085 100
0.000851 100
0.000852 100
0.000853 100
0.000854 100
0.000855 100
0.000856 100
0.000857 100
0.000858 100
0.000859 100
0.00086 100
0.000861 100
0.000862 100
0.000863 100
0.000864 100
0.000865 100
0.000866 100
0.000867 100
0.000868 100
0.000869 100
0.00087 100
0.000871 100
0.000872 100
0.000873 100
0.000874 100
0.000875 100
0.000876 100
0.000877 100
0.000878 100
0.000879 100
0.00088 100
0.000881 100
0.000882 100
0.000883 100
0.000884 100
0.000885 100
0.000886 100
0.000887 100
0.000888 100
0.000889 100
0.00089 100
0.000891 100
0.000892 100
0.000893 100
0.000894 100
0.000895 100
0.000896 100
0.000897 100
0.000898 100
0.000899 100
0.0009 100
0.000901 100
0.000902 100
0.000903 100
0.000904 100
0.000905 100
0.000906 100
0.000907 100
0.000908 100
0.000909 100
0.00091 100
0.000911 100
0.000912 100
0.000913 100
0.000914 100
0.000915 100
0.000916 100
0.000917 100
0.000918 100
0.000919 100
0.00092 100
0.000921 100
0.000922 100
0.000923 100
0.000924 100
0.000925 100
0.000926 100
0.000927 100
0.000928 100
0.000929 100
0.00093 100
0.000931 100
0.000932 100
0.000933 100
0.000934 100
0.000935 100
0.000936 100
0.000937 100
0.000938 100
0.000939 100
0.00094 100
0.000941 100
0.000942 100
0.000943 100
0.000944 100
0.000945 100
0.000946 100
0.000947 100
0.000948 100
0.000949 100
0.00095 100
0.000951 100
0.000952 100
0.000953 100
0.000954 100
0.000955 100
0.000956 100
0.000957 100
0.000958 100
0.000959 100
0.00096 100
0.000961 100
0.000962 100
0.000963 100
0.000964 100
0.000965 100
0.000966 100
0.000967 100
0.000968 100
0.000969 100
0.00097 100
0.000971 100
0.000972 100
0.000973 100
0.000974 100
0.000975 100
0.000976 100
0.000977 100
0.000978 100
0.000979 100
0.00098 100
0.000981 100
0.000982 100
0.000983 100
0.000984 100
0.000985 100
0.000986 100
0.000987 100
0.000988 100
0.000989 100
0.00099 100
0.000991 100
0.000992 100
0.000993 100
0.000994 100
0.000995 100
0.000996 100
0.000997 100
0.000998 100
0.000999 100
0.001 100
